# Frame list with one line of data per frame:
#   FRAME_ID, RIG_ID, RIG_FROM_WORLD[QW, QX, QY, QZ, TX, TY, TZ], NUM_DATA_IDS, DATA_IDS[] as (SENSOR_TYPE, SENSOR_ID, DATA_ID)
# Number of frames: 100
1 1 0.63656837354258888 -0.1761271723848172 -0.59523194884845843 -0.45766674777958072 0.38621984631555978 -2.4461660677571353 3.3668258392036643 1 CAMERA 1 1
2 1 -0.49768006939852832 0.13583686228979758 0.68831798788675225 0.50998161037264034 0.45686822790374021 -2.5169875501885386 3.5611607990837117 1 CAMERA 1 2
3 1 0.93478841463833595 -0.35337407327684439 0.034547929428795289 -0.010189443844525232 -0.33425756059680373 -2.5455960679436607 3.5866912770153641 1 CAMERA 1 3
4 1 -0.41053988937152414 -0.024797081971977511 0.5359378394778116 0.73730098072384753 0.47683844313330453 -1.599404792796588 2.3313267314849964 1 CAMERA 1 4
5 1 -0.39339651361455419 0.12810951776587642 0.76623371027515041 0.49164319965975878 0.4716296097244751 -2.6314748539850212 3.9984556420223427 1 CAMERA 1 5
6 1 -0.1314286288259825 0.0022690497888673009 0.76651702787363396 0.62862788111707923 0.41374774539068321 -2.5338663533721881 3.5845825737721824 1 CAMERA 1 6
7 1 0.66208026899148076 -0.16634612703911345 0.56676806219757936 0.46125117572105612 -0.34261243007236231 -2.5203623589575859 3.5243445572712333 1 CAMERA 1 7
8 1 0.60599579466110531 0.053494420534448341 -0.42443640247130965 -0.67064236675142408 0.41864250430724081 -1.1735732031133772 2.0614751465808707 1 CAMERA 1 8
9 1 0.0096655604777041576 -0.033791202233586358 0.70644921580714237 0.70689054108662008 0.33509643246590737 -2.3560993657398615 3.1807951593576638 1 CAMERA 1 9
10 1 0.48879463929420314 -0.1843743453035282 0.70762635984372391 0.47576342466131816 -0.18124572006219694 -2.6870958380271746 4.1360987724508247 1 CAMERA 1 10
11 1 0.94882850033876753 0.065183178072311498 0.18534056514339681 0.24723370553709922 -0.46277652459542662 -1.1616293183306499 2.0619764750424352 1 CAMERA 1 11
12 1 0.95720307607183786 -0.28727459480700607 -0.00069785458755594664 -0.035143866265064251 -0.30563307795446348 -2.392059245409162 3.2233770734669731 1 CAMERA 1 12
13 1 0.62720125690585249 -0.26949964522997788 0.63360547544736168 0.36405030701780483 -0.34764029509380062 -2.6929961708915844 4.3602293957633504 1 CAMERA 1 13
14 1 0.95718670938820805 0.069300847128265952 -0.12910091272629512 -0.24964765228440744 -0.08876335141153624 -0.8982743529717242 1.9190805396636104 1 CAMERA 1 14
15 1 0.37178350294451668 -0.14964517267922922 0.74227912677094843 0.53703356244490574 0.00264158064332389 -2.7003170676023562 3.9776584166491111 1 CAMERA 1 15
16 1 0.96761310192101857 -0.16541062256605851 0.15404451396906252 0.11240328575770717 -0.42295955610202612 -2.0861618290044106 2.7851718445457565 1 CAMERA 1 16
17 1 0.15756878204532673 -0.073950054985674571 0.7745630082122833 0.60807533628778787 0.20409242542599515 -2.6252819885559555 3.8295923988237965 1 CAMERA 1 17
18 1 0.20310594756606351 0.012588194203546078 0.42378780431630103 0.88260603235121493 0.16116439695172829 -1.0848472636728137 1.9864690018014022 1 CAMERA 1 18
19 1 0.97279633896218176 -0.13612655256058917 -0.11092067829523793 -0.15110740457128322 -0.17661594321790022 -1.8758476918290123 2.5286790744795153 1 CAMERA 1 19
20 1 0.56657044146503843 -0.038203006044407607 -0.54635781884937629 -0.61565542226917369 0.43942950676440301 -1.900303879336402 2.5866600752893301 1 CAMERA 1 20
21 1 0.90625259569991645 -0.34046974285337628 -0.19454292247930155 -0.15792288720046954 -0.12568923567191775 -2.5282906611633607 3.511520498884928 1 CAMERA 1 21
22 1 0.87145825597822946 -0.11575114860095359 -0.31933145987610312 -0.35382142164987601 0.11436359800957223 -1.8763304750572978 2.5204398747444321 1 CAMERA 1 22
23 1 0.62067784066236786 -0.028174524004245687 0.48919893338582066 0.61208628303696699 -0.27255873257839064 -1.958495887805437 2.614994565039523 1 CAMERA 1 23
24 1 0.93344085976831748 0.15298909860251964 -0.12674747198793157 -0.29869311235520912 -0.048066724821150174 -0.42421149914901446 1.7936853077306119 1 CAMERA 1 24
25 1 -0.43508826571861664 0.15163641921066279 0.7487446214636464 0.47653550679062262 0.45598983767049767 -2.6322704720817836 3.9832672126035895 1 CAMERA 1 25
26 1 0.10831258532421686 -0.019916203911759443 0.52540597135064548 0.84369443162273761 0.24933074892503793 -1.5761274599172901 2.2794063338046926 1 CAMERA 1 26
27 1 0.63259006217878722 -0.054854374936122087 0.50778829733411068 0.58221289566062562 -0.28722771139346748 -2.0997035845274366 2.7778760107961276 1 CAMERA 1 27
28 1 0.86935786626090039 -0.22083511156050453 -0.32966846601110772 -0.29456316197080257 0.072292625435302765 -2.2700542927467913 2.9924478462481074 1 CAMERA 1 28
29 1 0.92861365743372537 -0.22372931076094743 0.24116681127904618 0.17164043775138813 -0.45722443884114938 -2.3290845674749678 3.1514646052687847 1 CAMERA 1 29
30 1 0.977142518159415 0.044361330178809409 0.13633561373237277 0.15696232674773053 -0.43467488526059589 -1.2047078797471833 2.0800504186562065 1 CAMERA 1 30
31 1 0.015995194567821964 -0.025941444414990109 0.43078344914346606 0.90194058294128243 0.32087944966494747 -1.0115784764052149 1.9715242468864462 1 CAMERA 1 31
32 1 0.52604609936411473 -0.17597463201846442 -0.69285432399570901 -0.46071826092549806 0.44593855272153621 -2.5922219774700483 3.7938675900968986 1 CAMERA 1 32
33 1 0.85929783652636549 -0.22125048106646111 -0.34645168615545141 -0.30434631906598064 0.094740246175761503 -2.2867741356689368 3.0173304928424143 1 CAMERA 1 33
34 1 0.7660238009751098 -0.1305712831205294 -0.44900585113065689 -0.44108096990727041 0.27090475747677911 -2.0796131923498273 2.7552877970740512 1 CAMERA 1 34
35 1 0.63097351167756088 -0.13864865464690818 0.57375321548609859 0.50344436221418942 -0.30370663150207222 -2.4669038470905895 3.38221877735372 1 CAMERA 1 35
36 1 0.53808865211134793 0.078376706829004897 -0.41609323819687766 -0.72882378626281785 0.45118784310448057 -0.99259629361747259 1.981531417255342 1 CAMERA 1 36
37 1 0.71753488492868767 -0.17891236332974675 -0.51771641315488826 -0.4302368774386694 0.31596228192516213 -2.3390518505529627 3.1383544153472522 1 CAMERA 1 37
38 1 0.998677568407764 0.042844842395873994 0.026857220983250153 -0.0092802758733475967 -0.32821943750994514 -1.112858622983343 2.0192755818762826 1 CAMERA 1 38
39 1 -0.11195664461293471 0.0036667573965811352 0.80371001372504935 0.58438213392889482 0.40311477517830296 -2.6251417949366505 3.8980563239141879 1 CAMERA 1 39
40 1 0.84625650285432086 0.13657798692246334 0.25091000842711986 0.44971163264483704 -0.4625834988400167 -0.87391657729583738 1.9408795083614083 1 CAMERA 1 40
41 1 0.84780697470219246 -0.093509095787430579 -0.34310299510948333 -0.39339511613419265 0.15612480707889634 -1.8012637258808812 2.4538093237001473 1 CAMERA 1 41
42 1 0.42917530080552019 0.026922221823030609 0.45816519414038676 0.77792570983925236 -0.067923993501468952 -1.473721112337931 2.1967820735685861 1 CAMERA 1 42
43 1 0.91664810350493653 -0.37077948408125494 -0.11074397160499876 -0.10007297976173599 -0.21190537780248556 -2.5755980631665647 3.6578369192116269 1 CAMERA 1 43
44 1 0.54331055172824938 -0.025841313589083616 0.51734739121671114 0.66067961047242796 -0.19250136752437844 -1.972958890037585 2.6177792906407826 1 CAMERA 1 44
45 1 -0.31130842293720273 -0.086400197370900225 0.40577475472147617 0.8549672041273555 0.47452052974874631 -0.78047234607342553 1.9144936644989925 1 CAMERA 1 45
46 1 -0.34315183589110665 0.0190392047212865 0.64658456888634763 0.68103797360073848 0.47036817089938471 -2.1372828803606767 2.8640121251571418 1 CAMERA 1 46
47 1 0.69867142736653753 -0.27727836167085934 0.5673859538893915 0.33622630185598867 -0.41749812886124904 -2.669242751983687 4.1763124126414839 1 CAMERA 1 47
48 1 0.85681996959712015 -0.07157120291225319 0.35057604034088402 0.37125940062467128 -0.47272871203290462 -1.9561269360551998 2.643862628402744 1 CAMERA 1 48
49 1 0.69320682360160035 -0.2174487690228544 -0.55467219668485124 -0.40560952502058761 0.33029413111771078 -2.4895629028409507 3.4467948401862958 1 CAMERA 1 49
50 1 0.94825635969870636 -0.070774834346450363 -0.18404808949743987 -0.24885156191298582 -0.056832003325689238 -1.6051988708899003 2.289994428672613 1 CAMERA 1 50
51 1 0.82506355288606714 0.20312902408597319 -0.18968162073641376 -0.49196505569776733 0.16348093203202158 -0.066514449513534996 1.7620248763540123 1 CAMERA 1 51
52 1 -0.4210790765693726 -0.062461227963177997 0.46482679861056247 0.77635497909801032 0.47913170949900041 -1.181089864175666 2.0730059290350411 1 CAMERA 1 52
53 1 0.96590202253058399 -0.25184528797054034 0.058811558209904344 0.012183366500515816 -0.35473444667631643 -2.3096956948378846 3.084926981023111 1 CAMERA 1 53
54 1 0.90162364725402921 -0.17729292257556825 -0.27661560769237137 -0.28129312806738782 0.023446746369445881 -2.0860169796602341 2.7445074541286076 1 CAMERA 1 54
55 1 0.5625036202531376 -0.19830244080393541 -0.67381928186705309 -0.4361575341060665 0.43212690616447075 -2.6005966495091672 3.8233602439602818 1 CAMERA 1 55
56 1 0.74910038292480452 -0.26437727112844367 -0.49669542530040117 -0.34963828351346532 0.23913611575012406 -2.530988629641385 3.526371076755161 1 CAMERA 1 56
57 1 0.74684874253042188 -0.3030516316917925 0.51445362613496248 0.29276975743108835 -0.45871735179817041 -2.6607706944315055 4.1587412423860934 1 CAMERA 1 57
58 1 0.91611193314398509 -0.37677615395113495 -0.10039732177183379 -0.093268609649893322 -0.22363507652110459 -2.5851680707266915 3.6900216316483756 1 CAMERA 1 58
59 1 0.61475249599198434 -0.21075098427980785 0.62714329208576092 0.42936544165611612 -0.31941416003764428 -2.6506440694624116 3.9744542681523094 1 CAMERA 1 59
60 1 0.55987667759620763 -0.19742560359557804 -0.6751257167264384 -0.43791152478938816 0.43140492688121074 -2.6015694794469564 3.8270562356905837 1 CAMERA 1 60
61 1 0.92470390702664729 -0.096955779676005327 0.26456847300855468 0.25598004650166284 -0.47484402580818186 -1.9429452793378061 2.6374161824561986 1 CAMERA 1 61
62 1 0.48739388941850825 -0.11917557180290705 0.64987509414643507 0.57088242366630226 -0.14979112721287488 -2.5251894459392301 3.484427897138247 1 CAMERA 1 62
63 1 0.37930705656774044 -0.1420193244579393 0.74264865845905415 0.53331945249296409 -0.043789817790389395 -2.6785132857315697 4.0394979530925532 1 CAMERA 1 63
64 1 0.9117873363166783 0.0030381099279801482 -0.22705264295584227 -0.34217206278036355 0.045551752244534859 -1.2613840848938245 2.0698441473245408 1 CAMERA 1 64
65 1 0.10348266158801646 -0.049203323269829499 0.71762947809928634 0.68693398801690597 0.25935295465480313 -2.4356302002608698 3.3196770060210099 1 CAMERA 1 65
66 1 0.91237424832591862 0.1637714253853978 -0.14601198718146907 -0.3455902932928942 0.0019105219747579372 -0.34989614417821086 1.7797360681195493 1 CAMERA 1 66
67 1 0.797123718963057 0.015971778061960713 -0.34080107827731748 -0.49819002801848866 0.24025790040121803 -1.2715286107458383 2.091024907241692 1 CAMERA 1 67
68 1 0.55280914248599278 -0.12405704647413761 0.61529855446952886 0.54810545524718457 -0.22189638486151306 -2.4873985559438965 3.4108114654927761 1 CAMERA 1 68
69 1 0.51236809673714756 -0.002518336050855522 -0.53594971444681039 -0.67099217209582296 0.4619959728198389 -1.72489956936227 2.4308088911765342 1 CAMERA 1 69
70 1 0.50520034655578083 -0.082218838050504589 -0.63358418697426833 -0.58015838400017916 0.45945611437795175 -2.2711686314338988 3.0614018833938181 1 CAMERA 1 70
71 1 -0.15521575607008489 0.0099923962751996744 0.76958572070383247 0.61931093932937609 0.42541736777960171 -2.5436572068925338 3.6186547033816701 1 CAMERA 1 71
72 1 0.91574614902757578 0.25630161950289487 0.13264124176714129 0.27950808819035849 -0.46924796424647008 -0.10949664630585393 1.7965681704192762 1 CAMERA 1 72
73 1 0.84519807286170823 -0.2400585758485331 0.38828630618337712 0.27793136243126199 -0.46827828005105659 -2.4908679045289244 3.4766429686574121 1 CAMERA 1 73
74 1 0.74016775542535995 -0.25398603356391791 0.5209371503886806 0.34097987320071282 -0.4343526624055164 -2.6191861914105505 3.8917759820000311 1 CAMERA 1 74
75 1 0.56786483710945279 -0.075483374362058153 0.5616028907976236 0.59702092092097137 -0.2270680096071796 -2.2584621581480082 2.9869349663812641 1 CAMERA 1 75
76 1 0.77230823791641634 -0.26056208444360968 -0.46778029986257169 -0.34180254074146948 0.21207023875020245 -2.4966152282509788 3.4277124064508167 1 CAMERA 1 76
77 1 0.94218185951060152 -0.28699902349715867 -0.1206737165051017 -0.12394659440932129 -0.19344746430978155 -2.3861372522326239 3.2129110303178057 1 CAMERA 1 77
78 1 0.66706025080536202 -0.18840388238646497 -0.57174807161929042 -0.43890630150046522 0.36155044448999424 -2.4418885475138676 3.3480996193439148 1 CAMERA 1 78
79 1 0.099726332003793994 -0.018785839906841011 0.51723601453139878 0.84980506952814672 0.25220396323590405 -1.5270771795365605 2.2453328735625617 1 CAMERA 1 79
80 1 0.43490671028610367 -0.048092447964827555 0.58595940670816726 0.68205193606285019 -0.083292478974385756 -2.1723827287305135 2.8456856548714322 1 CAMERA 1 80
81 1 0.82416067930588166 -0.32138609568763693 0.40378285061842012 0.23330143962519298 -0.4693557522609344 -2.6336420750601364 3.9563327302128055 1 CAMERA 1 81
82 1 0.65278430690390477 0.02597239945657091 0.42379335062197537 0.62737331716853917 -0.30508671229843515 -1.6072000790529652 2.303587592641525 1 CAMERA 1 82
83 1 0.94075095494761674 -0.1992998248057328 -0.18794669662647076 -0.19985809922229503 -0.096218731798288673 -2.1274504774840621 2.7984833030634606 1 CAMERA 1 83
84 1 -0.48944011697694612 -0.056896314849537832 0.46000627632036217 0.73865107256133489 0.46760452254904356 -1.2161629154452838 2.0894830329111289 1 CAMERA 1 84
85 1 0.95997476954000716 -0.18458651156186343 -0.13624176604404614 -0.16066873616616228 -0.15381315136226367 -2.0638749816535182 2.727935014832394 1 CAMERA 1 85
86 1 0.8810628671497811 -0.35053469871348664 -0.25534350525377814 -0.18882092959300376 -0.063727689345138616 -2.5656307225692316 3.6024977607823083 1 CAMERA 1 86
87 1 0.90937883024892774 -0.2041586480687721 -0.25898502820632568 -0.25352740419684827 -0.0087862870417541039 -2.1724375594686713 2.8538065557444119 1 CAMERA 1 87
88 1 0.80078179281587047 0.12538571570794291 0.28214711821315858 0.51324452873364101 -0.43555593506582418 -0.9536394530216239 1.9638561254808515 1 CAMERA 1 88
89 1 0.9991822087100618 0.019867171191476216 0.011110919649709271 -0.033417910926162003 -0.3131116757268208 -1.2128189104329055 2.0647780735822092 1 CAMERA 1 89
90 1 0.50327909139945481 0.18652962991666161 -0.2576841976444485 -0.80343992159191913 0.45510725373248495 0.10096605093789295 1.7947495507323608 1 CAMERA 1 90
91 1 0.78477686245139255 -0.049749838565572468 0.40753649756298438 0.46428895407681553 -0.42815466292748067 -1.9499906391766322 2.6275118042076815 1 CAMERA 1 91
92 1 0.96683839174375086 -0.042296928188861826 0.1771099343311282 0.17907139715031853 -0.45014336166116181 -1.6351263320930718 2.353736848926439 1 CAMERA 1 92
93 1 0.4171161896428392 -0.2061255840629721 0.77360041280456415 0.43019615205292761 -0.11213193126465677 -2.7097146535696544 4.6351431596863506 1 CAMERA 1 93
94 1 0.63164546791836118 0.12268269207374445 -0.33655813063962969 -0.68753296984514956 0.39697643391765447 -0.5969472918599259 1.8543338421579472 1 CAMERA 1 94
95 1 0.99862549695760561 0.043552829455418794 0.022799678570832049 -0.018178078272172153 -0.32948036804341024 -1.1047220663608941 2.0133807937116655 1 CAMERA 1 95
96 1 0.84632457380246617 -0.25057203994396293 0.3853469186232808 0.26917674655129081 -0.46743137348434149 -2.5099512263436043 3.5250331842814329 1 CAMERA 1 96
97 1 0.8500334026530727 -0.16666390681625878 -0.35798258623273049 -0.34858976533011771 0.13594695125653555 -2.1091435905770859 2.7735769240702837 1 CAMERA 1 97
98 1 0.86538873342562606 -0.14096509695789425 -0.33243319717658049 -0.34744690373436821 0.11643616618491937 -1.9891853904432077 2.633665425265173 1 CAMERA 1 98
99 1 0.93689891873564535 -0.19177023310206742 -0.20047208562445459 -0.21273348738113337 -0.078029452198273452 -2.1051317043263995 2.7675851146248007 1 CAMERA 1 99
100 1 0.46262205951080854 -0.020754262972194796 0.53312218200700145 0.70804719452487941 -0.1027915490407494 -1.9395799690490192 2.5749896462993775 1 CAMERA 1 100
