# Frame list with one line of data per frame:
#   FRAME_ID, RIG_ID, RIG_FROM_WORLD[QW, QX, QY, QZ, TX, TY, TZ], NUM_DATA_IDS, DATA_IDS[] as (SENSOR_TYPE, SENSOR_ID, DATA_ID)
# Number of frames: 100
1 1 0.71818351124881752 -0.12984262274006533 -0.28429146026171948 -0.62171673864595267 -0.16668493597286876 -1.5322189056858899 2.1312247653125018 1 CAMERA 1 1
2 1 0.57545652452314688 -0.23067847498415728 -0.49289871600519192 -0.61048184684162199 -0.0052524547013382645 -2.393805520128498 3.0298239938836717 1 CAMERA 1 2
3 1 -0.12495962405931688 -0.040399467506425223 0.5347124753056044 0.83476676031853647 0.47765542041786313 -1.9933575343781553 2.5676288441415593 1 CAMERA 1 3
4 1 -0.075066570165271712 -0.05092160892256465 0.64253912744862973 0.76086494825685946 0.50680180509244432 -2.4299381373465154 3.1832483917200198 1 CAMERA 1 4
5 1 -0.42128962961835675 0.16943509521958092 0.61285608193051477 0.6466948425066783 0.2037174426151584 -2.5536578276710866 3.3470333007160677 1 CAMERA 1 5
6 1 0.25266917599452099 -0.21722584072382595 0.65925592896048668 0.6740570018585389 0.49050001971871726 -2.6618423030805602 3.7648279094012604 1 CAMERA 1 6
7 1 0.80941138048590699 -0.35097245517930453 -0.25213547005588816 -0.3976169734619055 -0.39736754319635059 -2.3778171665239403 3.0561013888178876 1 CAMERA 1 7
8 1 0.51586576716774424 -0.023027429245414646 0.18779293600431457 0.83551544626874596 0.36398479379712301 -0.63607848241617804 1.7695676241057219 1 CAMERA 1 8
9 1 0.83365896381539106 -0.54676382421740777 0.055050068199548712 -0.055059445771178765 -0.51594643966515852 -2.7356429607887316 4.1921930340833455 1 CAMERA 1 9
10 1 0.48644299071807318 -0.26057485833037236 0.52754646791974869 0.64588596839748769 0.32791723951098295 -2.5463734093566246 3.3580498270176156 1 CAMERA 1 10
11 1 0.75395977085341692 0.11531719323881742 -0.052860776429550886 -0.64455593022906055 -0.21870399114497088 0.24524539086948022 1.6905851811688197 1 CAMERA 1 11
12 1 -0.39778315569708383 0.031782945283592143 0.43185457233607921 0.8088634209711747 0.2677680979840491 -1.6130380724056452 2.197908187373856 1 CAMERA 1 12
13 1 0.72448393870349448 -0.37391716268193975 -0.36501912850959728 -0.44952198370563956 -0.29680528348148305 -2.5535908075041074 3.3681555760534723 1 CAMERA 1 13
14 1 -0.24721787342404256 2.8761125822936985e-06 0.50921429077199187 0.82436892780174553 0.40005429738754616 -1.897355323949047 2.4552695410412255 1 CAMERA 1 14
15 1 0.87302351188654093 -0.46457833260224851 -0.031488083582537525 -0.14493247104118734 -0.53281249476388004 -2.6122304223361503 3.6193388685169285 1 CAMERA 1 15
16 1 0.66267710705305505 -0.21793452744380534 -0.39417670063565119 -0.59832125335109998 -0.11812416873629843 -2.1319510809918993 2.6653461595374779 1 CAMERA 1 16
17 1 0.75741214203654694 -0.18940618865788761 -0.28292587973439048 -0.55714009851223567 -0.24396735231586814 -1.8013168564589224 2.3433790640828467 1 CAMERA 1 17
18 1 0.33692106651389275 -0.077825859566197128 0.27789788367607793 0.8962143140846841 0.4862550785588981 -0.99086536994649277 1.8999837463659375 1 CAMERA 1 18
19 1 0.61810375661682015 -0.023073102310793243 0.20125945948416898 0.7595459222285843 0.25405420657171962 -0.83912687586167301 1.8122064716402999 1 CAMERA 1 19
20 1 0.72109675661733985 -0.46900412119993368 0.40690852831040875 0.30737607499883279 -0.13709906395770255 -2.7885880834530097 4.2938842575216771 1 CAMERA 1 20
21 1 0.92915351945237024 -0.35888203387395934 0.037890597376492141 -0.080260361837066682 -0.52794106617676217 -2.362993654735821 3.0664294114934045 1 CAMERA 1 21
22 1 0.6918594357312059 -0.36973798850259021 -0.40600936777591634 -0.46880777971995802 -0.24841686259889276 -2.5917283653608059 3.4477315032590297 1 CAMERA 1 22
23 1 0.61716746305771164 -0.46669472267784223 0.51128439133471992 0.37401688403739874 0.027329103758719896 -2.7938104286785621 4.6029580848862048 1 CAMERA 1 23
24 1 0.83879170908395961 -0.4915364562776206 0.20897821529585678 0.10558639331754531 -0.40922724419975753 -2.7315470260702823 4.0260634518412388 1 CAMERA 1 24
25 1 0.70941122485454944 -0.4394913916141715 0.42564018155385053 0.349876359010168 -0.085422967976582304 -2.7780142521796996 4.1485118161233698 1 CAMERA 1 25
26 1 0.97787041262161756 -0.14882956609345613 0.018853455699642651 -0.14582099843247073 -0.53241979792109739 -1.5094250336059043 2.173382284914708 1 CAMERA 1 26
27 1 0.73799694486818457 -0.18607704068609773 0.3291626688034695 0.5589166143181894 0.048755872440876633 -2.0313075839532675 2.5449465479069189 1 CAMERA 1 27
28 1 0.83698162284672473 -0.13136247606038862 -0.17775113361736783 -0.50060982551073407 -0.34414745598173324 -1.3855053401628565 2.0618722672823759 1 CAMERA 1 28
29 1 0.77666331323010929 -0.26427800666844564 -0.28917351354499576 -0.49328481847490929 -0.30556891920553725 -2.1165459823400132 2.6712319498289361 1 CAMERA 1 29
30 1 0.66685998594336604 -0.087558271605584131 0.27066350962594965 0.68874710364401515 0.18609166846847608 -1.409552955135809 2.0613061967667083 1 CAMERA 1 30
31 1 0.92235779824933251 -0.24345682371653168 -0.086615297899244895 -0.28719794073831101 -0.50092319630216575 -1.8940846502094069 2.4723175405110323 1 CAMERA 1 31
32 1 -0.294940120491473 0.044730594291472109 0.57122820447899103 0.76466191069420664 0.359522483300389 -2.2167486477184601 2.7991536963656669 1 CAMERA 1 32
33 1 -0.42749356353522849 0.17765405897757458 0.61425202454794936 0.63904830709695915 0.19436048423453905 -2.570588275492677 3.3835660403216732 1 CAMERA 1 33
34 1 -0.2406649274898067 -0.011575841181726805 0.47681179269733792 0.84533833872717046 0.40337222084677571 -1.7328644404860785 2.3157887840083875 1 CAMERA 1 34
35 1 0.97321950972873594 -0.15398651493919793 0.13043626445179241 0.11008324130448457 -0.4511774649606628 -1.6766722261744735 2.272682240905862 1 CAMERA 1 35
36 1 0.94882260550229636 -0.26002950371949535 -0.017630621302320185 -0.17835212831845018 -0.5322487215315731 -1.981816804103149 2.566887879331277 1 CAMERA 1 36
37 1 0.80508501709114599 0.019105263789032413 -0.11034472782260284 -0.5824921846622978 -0.28363494332500494 -0.45149048729814578 1.7201421791526919 1 CAMERA 1 37
38 1 0.33766451675809694 -0.20760708589422433 0.56464883175942882 0.72391551219858619 0.45647147395711435 -2.4590590308480818 3.21420701793416 1 CAMERA 1 38
39 1 0.77180933340308666 -0.043023151546271864 -0.17862122116481488 -0.60873132057788815 -0.23036329277273329 -0.89321890970322204 1.8281427258762646 1 CAMERA 1 39
40 1 -0.43235777877028764 0.099271424909620348 0.51185540256160134 0.73567382867799347 0.21588167220781451 -2.1026185282539314 2.6376165673400749 1 CAMERA 1 40
41 1 0.65645418857280791 -0.1881273958352819 -0.38213786227410845 -0.62261274919328979 -0.095520552254286739 -1.9970773667966399 2.5163051303174728 1 CAMERA 1 41
42 1 0.22376132742632052 -0.23453496267442589 0.72023337125095377 0.61334175674594571 0.49408033868718881 -2.7445389679814975 4.2522996258634214 1 CAMERA 1 42
43 1 0.99215827746689866 -0.084890219861262869 0.089740899104854555 0.019030871069802821 -0.50483527371752634 -1.2941740638286037 2.0402939215067568 1 CAMERA 1 43
44 1 0.80641391428032205 -0.4989971795808511 0.2711602538786087 0.16483485778782889 -0.34042049890761716 -2.761772670961157 4.1836020231435667 1 CAMERA 1 44
45 1 0.94477241105899123 -0.31811545114422096 0.07154632469884295 -0.03299658265907502 -0.51435289719510502 -2.2530587192233988 2.8899158244115357 1 CAMERA 1 45
46 1 0.81322447244414886 -0.44401929420449981 -0.21223707919317725 -0.31059337727585656 -0.46350860327175525 -2.5978178296292769 3.5402195069786622 1 CAMERA 1 46
47 1 -0.48631383019244978 0.071084184431261604 0.41896262642348536 0.76348949891116813 0.16083515113408489 -1.6794382619043358 2.248010485597689 1 CAMERA 1 47
48 1 0.072625893011532425 -0.13133175676648681 0.70482510500340856 0.69332461422182323 0.53641794822335243 -2.649340923444893 3.7557566962091484 1 CAMERA 1 48
49 1 0.59169823856620318 0.031840149539901982 -0.20347042310166141 -0.77940951128258629 0.028994447686399447 -0.48093963497542686 1.7095633398750796 1 CAMERA 1 49
50 1 -0.027802208668381113 -0.081086141628392103 0.13790605939936351 0.98672893623827584 0.50381219536270661 0.10696070571636766 1.7176685271553507 1 CAMERA 1 50
51 1 0.98441497692241442 -0.040257896646050277 0.11723807752111606 0.12474649553246395 -0.45282121751732707 -1.1274294534294982 1.9487468966726336 1 CAMERA 1 51
52 1 -0.3042970929417711 0.074599064106680935 0.62338797843839011 0.71639771579765099 0.3456165465879788 -2.4397952689617806 3.1472940923943438 1 CAMERA 1 52
53 1 0.28805001785104145 -0.16243124376599968 0.5126910574504332 0.7923327317958041 0.49366609286810875 -2.177002838515242 2.7845157999143249 1 CAMERA 1 53
54 1 -0.38277865255686455 0.11181325374485465 0.58587611226516678 0.70549803721257354 0.26290493307156321 -2.3777819975278156 3.0216390426302806 1 CAMERA 1 54
55 1 -0.25343110306114824 0.009411993574875821 0.53112188040166664 0.80845138291473895 0.39455358630679921 -2.0063188388558393 2.560782378170833 1 CAMERA 1 55
56 1 0.52054427169878681 0.10957274486159499 -0.1076355879765642 -0.83990597984894411 0.10541055777070128 0.26750653672516328 1.68614273292112 1 CAMERA 1 56
57 1 0.47463568812836021 -0.0088931779435205 0.15391114356384586 0.8665755794088893 0.39818911059689338 -0.37831814677430353 1.7242597534600239 1 CAMERA 1 57
58 1 0.72669739461310989 -0.1682233805912795 0.32228381657913069 0.58287642983410215 0.07428053057197416 -1.9389460163738679 2.4529401765533487 1 CAMERA 1 58
59 1 0.97314672232031718 0.020943603998374988 0.12101667761528657 0.19468381038941243 -0.40930174118266666 -0.83198674908872139 1.8259614041948633 1 CAMERA 1 59
60 1 0.61454093576288382 -0.12975517081373833 0.32756890768281866 0.70583400643370942 0.2406038867479604 -1.6984336236066284 2.2596883997070116 1 CAMERA 1 60
61 1 0.52268781035006928 -0.16005316701835157 -0.49146916525962148 -0.67796644182279164 0.091604079412364425 -2.1980326362389473 2.7470818111495969 1 CAMERA 1 61
62 1 0.61717147344754075 -0.061586677613690584 -0.303325315284176 -0.72339491746269147 -0.0082908449597433927 -1.2531898484788873 1.9641321555138596 1 CAMERA 1 62
63 1 0.54069703642220257 -0.097083126087104205 -0.40548312424359412 -0.73061961196443181 0.089183446002672889 -1.7230335313205056 2.2730539269684189 1 CAMERA 1 63
64 1 0.31160882515436555 -0.28723602715692098 0.69439334697766841 0.58156107543591318 0.43667142490887573 -2.7598512543026232 4.3443685291460667 1 CAMERA 1 64
65 1 -0.39003853508657921 0.065866210732206429 0.5029334030582111 0.76849825993269694 0.26944524871641279 -1.9894881816960135 2.5237667730376327 1 CAMERA 1 65
66 1 0.85441892068001468 -0.50874426417413743 0.0017613739850319611 -0.1055674155011813 -0.52893821952942499 -2.6887145038531872 3.9084307567495453 1 CAMERA 1 66
67 1 -0.34740342666345481 -0.054097211538889224 0.26190143732839799 0.89877248954978906 0.3034107031637 -0.57170233185901576 1.7472884468075869 1 CAMERA 1 67
68 1 0.68259178843951984 -0.35086694374388677 -0.41624466399961219 -0.48754611867454345 -0.22220196998121119 -2.5617182208421543 3.3715622306122599 1 CAMERA 1 68
69 1 0.81690587502978185 -0.3374513663439983 0.32215329698286493 0.33912920832252913 -0.18670758655275099 -2.5389512430984351 3.3072808366867417 1 CAMERA 1 69
70 1 0.59603725308744493 -0.0061394089545115721 -0.25076120858742362 -0.7627717331269146 0.023308227940307163 -0.82264587693004021 1.7932815834795321 1 CAMERA 1 70
71 1 0.58297784757496507 -0.268334165700297 0.47301713034154913 0.60364592200911327 0.22019666031784507 -2.5010945229271964 3.2354968559054749 1 CAMERA 1 71
72 1 0.8884597227942197 -0.39855506725337975 0.19208943522668165 0.12204436985525645 -0.41318832416538159 -2.5698781493661076 3.4443975550145076 1 CAMERA 1 72
73 1 0.92049405751970736 -0.23093769396055824 0.20737052450035987 0.237394054574943 -0.34174114948670253 -2.085522246368134 2.6336514674047309 1 CAMERA 1 73
74 1 -0.24099820963434776 -0.066311588169119737 0.26771657848554775 0.93051086497231161 0.3976693827370047 -0.57340601776379996 1.7608507925112327 1 CAMERA 1 74
75 1 0.58701033004924563 -0.085291850100194813 0.27943903662182756 0.75502185235516628 0.28596579551514367 -1.3319924618490393 2.0280661143144316 1 CAMERA 1 75
76 1 0.93586812282711118 -0.27316869575511721 0.1705509085493864 0.14297589981701975 -0.41358221671270662 -2.1931291611619264 2.779220915718092 1 CAMERA 1 76
77 1 0.72093484014148901 -0.26967852106874401 -0.35450075724481583 -0.53090080491292635 -0.22612435589809457 -2.23491690239134 2.8074842405087934 1 CAMERA 1 77
78 1 0.57513680966407066 -0.047453625675252895 -0.31673414272654749 -0.75275845157061294 0.049689534173079752 -1.2283668085925539 1.9514092870476831 1 CAMERA 1 78
79 1 0.56594962072455735 -0.16647658475468144 -0.4534649467314209 -0.66809888161560094 0.033745698616381749 -2.1060512753104894 2.6392105312571488 1 CAMERA 1 79
80 1 0.40475004228016964 -0.26884425974350229 0.59519889951594684 0.64003002843005363 0.38842740845083668 -2.6570972849134828 3.6846616646133619 1 CAMERA 1 80
81 1 -0.41376317968393406 0.11424411457440528 0.55329165486377496 0.7138743993736264 0.23082887005131011 -2.2781441936801516 2.8640340144440413 1 CAMERA 1 81
82 1 0.55074154500904204 -0.12216360772065687 -0.42488921135360452 -0.70797525495248703 0.069552678692877359 -1.8738696755645932 2.4033763063357112 1 CAMERA 1 82
83 1 0.84964890790692238 -0.091067002407608857 0.22490775922402972 0.46820939141146301 -0.12185478836542836 -1.4997697487934674 2.108288607189909 1 CAMERA 1 83
84 1 0.42000183935929869 -0.26144087757487361 0.57524684289028327 0.65141245936230574 0.38212352945310563 -2.615148349301041 3.5505650785704894 1 CAMERA 1 84
85 1 0.72358729404741817 -0.29970321371994885 -0.35956554552016312 -0.50725933215058494 -0.24644177577716242 -2.3415405607499649 2.9618745862220139 1 CAMERA 1 85
86 1 0.81795512900718403 -0.41874683138491453 0.30492887384505202 0.2502376471107482 -0.26603029555362229 -2.6889019354934378 3.7441111390279103 1 CAMERA 1 86
87 1 0.34218870204946666 -0.11638220503862602 0.37351529324865179 0.85431165288167665 0.48117357570451547 -1.5426743871987669 2.1871904713685524 1 CAMERA 1 87
88 1 -0.35370098436718123 0.12652080683645134 0.64391602507032342 0.66652850783201689 0.28660240039780599 -2.5664396265590654 3.3955456627494351 1 CAMERA 1 88
89 1 0.10810626730359758 -0.10759686688491582 0.49249022219368949 0.85684848733591357 0.5354525653897183 -1.9007879718763363 2.4874883021178169 1 CAMERA 1 89
90 1 0.76657534640575387 -0.26083327343081514 0.35016804372810223 0.47086153262492991 -0.036500035870636306 -2.3460567216003323 2.942928438683853 1 CAMERA 1 90
91 1 -0.14244903697918981 -0.013800815634891205 0.65678257830421882 0.74037453642570394 0.47173830015802515 -2.4785781206770161 3.2639990149825588 1 CAMERA 1 91
92 1 0.89191111709500226 -0.17299362705879923 0.23164308747647339 0.34772006589173582 -0.24256023360784554 -1.8890466029056123 2.4179915520722237 1 CAMERA 1 92
93 1 0.82567840876300225 -0.50421542334254921 0.22457493399382603 0.11656788231652453 -0.39426011153386004 -2.7490295933644631 4.1327120048201103 1 CAMERA 1 93
94 1 0.91000424205644126 -0.314556076608832 -0.088232292680218177 -0.25526812694916062 -0.51273930618054275 -2.1790045036449102 2.7911274037409473 1 CAMERA 1 94
95 1 0.86282413798623492 -0.49137110502605968 -0.0091530094378865067 -0.11834342597715193 -0.53107071286408702 -2.6618411849820549 3.7924655062188655 1 CAMERA 1 95
96 1 -0.35223428930227868 0.1176570994925504 0.63263738343260856 0.67960117235203588 0.29021362494171254 -2.5249372482585146 3.3023917012874668 1 CAMERA 1 96
97 1 0.83872035927387278 -0.50562436537545408 -0.085210208765962372 -0.18338860488109995 -0.52588358069769126 -2.6806102334566506 3.8668514373521758 1 CAMERA 1 97
98 1 0.64710404507121899 -0.031357519303367047 0.2118030479903581 0.73171888707180366 0.21925617321120755 -0.95242975622511239 1.8485082591497799 1 CAMERA 1 98
99 1 -0.059436589815122925 -0.082090894886341373 0.18091072637400843 0.97826360754693176 0.49609817044667653 -0.11881492194705671 1.7191520409942209 1 CAMERA 1 99
100 1 0.65376791204837992 -0.22577509261548004 0.39984913152334672 0.60144309518889549 0.15348898264859009 -2.2675307420896398 2.8364170895460465 1 CAMERA 1 100
